9 14 50
1000 1000 1000 1000 1000 1000 1000 1000 1000 1000 1000 1000 1000 1000 1000 1000 1000 1000 1000 1000 1000 1000 1000 1000 1000 1000 1000 1000 1000 1000 1000 1000 1000 1000 1000 1000 1000 1000 1000 1000 1000 1000 1000 1000 1000 1000 1000 1000 1000 1000 1000 1000 1000 1000 1000 1000 1000 1000 1000 1000 1000 1000 1000 1000 1000 1000 1000 1000 1000 1000 1000 1000 1000 1000 1000 1000 1000 1000 1000 1000 1000 1000 1000 1000 1000 1000 1000 1000 1000 1000 1000 1000 1000 2 2 2 2 2 1000 1000 1000 1000 1000 1000 1000 1000 1000 2 0 2 2 2 1000 1000 1000 1000 1000 1000 1000 1000 1000 2 2 2 2 2 
1000 1000 1000 1000 1000 1000 1000 1000 1000 1000 1000 1000 1000 1000 1000 1000 1000 1000 1000 1000 1000 1000 1000 1000 1000 1000 1000 1000 1000 1000 1000 1000 1000 1000 1000 1000 1000 1000 1000 1000 1000 1000 1000 1000 1000 1000 1000 1000 1000 1000 1000 1000 1000 1000 1000 1000 1000 1000 1000 1000 1000 1000 1000 1000 1000 1000 1000 1000 1000 1000 1000 1000 1000 1000 1000 1000 1000 1000 1000 1000 1000 1000 1000 1000 1000 1000 1000 1000 1000 1000 2 2 2 2 2 2 2 2 1000 1000 1000 1000 1000 1000 2 0 2 2 2 2 2 2 1000 1000 1000 1000 1000 1000 2 2 2 2 2 2 2 2 
1000 1000 1000 1000 1000 1000 1000 1000 1000 1000 1000 1000 1000 1000 1000 1000 1000 1000 1000 1000 1000 1000 1000 1000 1000 1000 1000 1000 1000 1000 1000 1000 1000 1000 1000 1000 1000 1000 1000 1000 1000 1000 1000 1000 1000 1000 1000 1000 1000 1000 1000 1000 1000 1000 1000 1000 1000 1000 1000 1000 1000 1000 1000 1000 1000 1000 1000 1000 1000 1000 1000 1000 1000 1000 1000 1000 1000 1000 1000 1000 1000 1000 1000 1000 1000 1000 1000 1000 2 2 2 2 2 2 2 2 2 2 1000 1000 1000 1000 2 0 2 2 2 2 2 2 2 2 1000 1000 1000 1000 2 2 2 2 2 2 2 2 2 2 
1000 1000 1000 1000 1000 1000 1000 1000 1000 1000 1000 1000 1000 1000 1000 1000 1000 1000 1000 1000 1000 1000 1000 1000 1000 1000 1000 1000 1000 1000 1000 1000 1000 1000 1000 1000 1000 1000 1000 1000 1000 1000 1000 1000 1000 1000 1000 1000 1000 1000 1000 1000 1000 1000 1000 1000 1000 1000 1000 1000 1000 1000 1000 1000 1000 1000 1000 1000 1000 1000 1000 1000 1000 1000 1000 1000 1000 1000 1000 1000 1000 1000 1000 1000 1000 2 2 2 2 2 2 2 2 2 2 2 2 1000 1000 2 0 2 2 2 2 2 2 2 2 2 2 1000 1000 2 2 2 2 2 2 2 2 2 2 2 2 1000 
1000 1000 1000 1000 1000 1000 1000 1000 1000 1000 1000 1000 1000 1000 1000 1000 1000 1000 1000 1000 1000 1000 1000 1000 1000 1000 1000 1000 1000 1000 1000 1000 1000 1000 1000 1000 1000 1000 1000 1000 1000 1000 1000 1000 1000 1000 1000 1000 1000 1000 1000 1000 1000 1000 1000 1000 1000 1000 1000 1000 1000 1000 1000 1000 1000 1000 1000 1000 1000 1000 1000 1000 1000 1000 1000 1000 1000 1000 1000 1000 1000 1000 1000 1000 1000 1000 1000 1000 1000 1000 1000 1000 2 2 2 2 2 2 1000 1000 1000 1000 1000 1000 1000 1000 2 0 2 2 2 2 1000 1000 1000 1000 1000 1000 1000 1000 2 2 2 2 2 2 
1000 1000 1000 1000 1000 1000 1000 1000 1000 1000 1000 1000 1000 1000 1000 1000 1000 1000 1000 1000 1000 1000 1000 1000 1000 1000 1000 1000 1000 1000 1000 1000 1000 1000 1000 1000 1000 1000 1000 1000 1000 1000 1000 1000 1000 1000 1000 1000 1000 1000 1000 1000 1000 1000 1000 1000 1000 1000 1000 1000 1000 1000 1000 1000 1000 1000 1000 1000 1000 1000 1000 1000 1000 1000 1000 1000 1000 1000 1000 1000 1000 1000 1000 1000 1000 1000 1000 1000 1000 1000 1000 2 2 2 2 2 2 2 1000 1000 1000 1000 1000 1000 1000 2 0 0 2 2 2 2 1000 1000 1000 1000 1000 1000 1000 2 2 2 2 2 2 2 
1000 1000 1000 1000 1000 1000 1000 1000 1000 1000 1000 1000 1000 1000 1000 1000 1000 1000 1000 1000 1000 1000 1000 1000 1000 1000 1000 1000 1000 1000 1000 1000 1000 1000 1000 1000 1000 1000 1000 1000 1000 1000 1000 1000 1000 1000 1000 1000 1000 1000 1000 1000 1000 1000 1000 1000 1000 1000 1000 1000 1000 1000 1000 1000 1000 1000 1000 1000 1000 1000 1000 1000 1000 1000 1000 1000 1000 1000 1000 1000 1000 1000 1000 1000 2 2 2 2 2 2 2 2 2 2 2 1000 1000 1000 0 2 2 2 2 2 2 2 2 2 2 1000 1000 1000 2 2 2 2 2 2 2 2 2 2 2 1000 1000 1000 
1000 1000 1000 1000 1000 1000 1000 1000 1000 1000 1000 1000 1000 1000 1000 1000 1000 1000 1000 1000 1000 1000 1000 1000 1000 1000 1000 1000 1000 1000 1000 1000 1000 1000 1000 1000 1000 1000 1000 1000 1000 1000 1000 1000 1000 1000 1000 1000 1000 1000 1000 1000 1000 1000 1000 1000 1000 1000 1000 1000 1000 1000 1000 1000 1000 1000 1000 1000 1000 1000 2 2 2 2 2 2 2 2 2 2 2 1000 1000 1000 2 2 2 2 2 2 2 2 2 2 2 1000 1000 1000 2 2 2 2 2 2 2 2 2 2 2 1000 1000 1000 2 2 2 2 0 2 2 2 2 2 2 1000 1000 1000 
1000 1000 1000 1000 1000 1000 1000 1000 1000 1000 1000 1000 1000 1000 1000 1000 1000 1000 1000 1000 1000 1000 1000 1000 1000 1000 1000 1000 1000 1000 1000 1000 1000 1000 1000 1000 1000 1000 1000 1000 1000 1000 1000 1000 1000 1000 1000 1000 1000 1000 1000 1000 1000 1000 1000 1000 1000 1000 1000 1000 1000 1000 1000 1000 1000 1000 1000 1000 1000 1000 1000 1000 1000 1000 1000 1000 1000 1000 1000 1000 1000 1000 1000 1000 1000 1000 1000 1000 1000 1000 1000 1000 1000 1000 1000 2 2 2 1000 1000 1000 1000 1000 1000 1000 1000 1000 1000 1000 2 2 2 1000 1000 1000 1000 1000 1000 1000 1000 1000 1000 1000 2 2 2 
1000 1000 1000 1000 1000 1000 1000 1000 1000 1000 1000 1000 1000 1000 1000 1000 1000 1000 1000 1000 1000 1000 1000 1000 1000 1000 1000 1000 1000 1000 1000 1000 1000 1000 1000 1000 1000 1000 1000 1000 1000 1000 1000 1000 1000 1000 1000 1000 1000 1000 1000 1000 1000 1000 1000 1000 1000 1000 1000 1000 1000 1000 1000 1000 1000 1000 1000 1000 1000 1000 1000 1000 1000 1000 1000 1000 1000 1000 1000 1000 1000 1000 1000 1000 1000 1000 1000 1000 1000 1000 1000 1000 1000 1000 2 2 2 2 1000 1000 1000 1000 1000 1000 1000 1000 1000 1000 2 0 2 2 1000 1000 1000 1000 1000 1000 1000 1000 1000 1000 2 2 2 2 
1000 1000 1000 1000 1000 1000 1000 1000 1000 1000 1000 1000 1000 1000 1000 1000 1000 1000 1000 1000 1000 1000 1000 1000 1000 1000 1000 1000 1000 1000 1000 1000 1000 1000 1000 1000 1000 1000 1000 1000 1000 1000 1000 1000 1000 1000 1000 1000 1000 1000 1000 1000 1000 1000 1000 1000 1000 1000 1000 1000 1000 1000 1000 1000 1000 1000 1000 1000 1000 1000 1000 1000 1000 1000 1000 1000 1000 1000 1000 1000 2 2 2 2 1000 1000 1000 1000 1000 1000 1000 1000 1000 1000 2 2 2 0 1000 1000 1000 1000 1000 1000 1000 1000 1000 1000 2 2 2 2 1000 1000 1000 1000 1000 1000 1000 1000 1000 1000 2 2 2 2 
1000 1000 1000 1000 1000 1000 1000 1000 1000 1000 1000 1000 1000 1000 1000 1000 1000 1000 1000 1000 1000 1000 1000 1000 1000 1000 1000 1000 1000 1000 1000 1000 1000 1000 1000 1000 1000 1000 1000 1000 1000 1000 1000 1000 1000 1000 1000 1000 1000 1000 1000 1000 1000 1000 1000 1000 1000 1000 1000 1000 1000 1000 1000 1000 1000 1000 1000 1000 1000 1000 1000 1000 1000 1000 1000 1000 1000 1000 2 2 2 2 2 2 1000 1000 1000 1000 1000 1000 1000 1000 2 2 2 2 2 0 1000 1000 1000 1000 1000 1000 1000 1000 2 2 2 2 2 0 1000 1000 1000 1000 1000 1000 1000 1000 2 2 2 2 2 0 
1000 1000 1000 1000 1000 1000 1000 1000 1000 1000 1000 1000 1000 1000 1000 1000 1000 1000 1000 1000 1000 1000 1000 1000 1000 1000 1000 1000 1000 1000 1000 1000 1000 1000 1000 1000 1000 1000 1000 1000 1000 1000 1000 1000 1000 1000 1000 1000 1000 1000 1000 1000 1000 1000 1000 1000 1000 1000 1000 1000 1000 1000 1000 1000 1000 1000 1000 1000 1000 1000 1000 1000 1000 1000 1000 1000 1000 2 2 2 2 2 2 2 1000 1000 1000 1000 1000 1000 1000 2 2 2 2 2 2 2 1000 1000 1000 1000 1000 1000 1000 2 2 2 2 2 2 2 1000 1000 1000 1000 1000 1000 1000 2 2 2 2 2 0 2 
1000 1000 1000 1000 1000 1000 1000 1000 1000 1000 1000 1000 1000 1000 1000 1000 1000 1000 1000 1000 1000 1000 1000 1000 1000 1000 1000 1000 1000 1000 1000 1000 1000 1000 1000 1000 1000 1000 1000 1000 1000 1000 1000 1000 1000 1000 1000 1000 1000 1000 1000 1000 1000 1000 1000 1000 1000 1000 1000 1000 1000 1000 1000 1000 1000 1000 1000 1000 1000 1000 1000 1000 1000 1000 1000 1000 2 2 2 2 2 2 2 2 1000 1000 1000 1000 1000 1000 2 2 2 2 2 2 2 2 1000 1000 1000 1000 1000 1000 2 2 2 2 2 2 2 2 1000 1000 1000 1000 1000 1000 2 2 2 2 2 0 2 2 
1000 1000 1000 1000 1000 1000 1000 1000 1000 1000 1000 1000 1000 1000 1000 1000 1000 1000 1000 1000 1000 1000 1000 1000 1000 1000 1000 1000 1000 1000 1000 1000 1000 1000 1000 1000 1000 1000 1000 1000 1000 1000 1000 1000 1000 1000 1000 1000 1000 1000 1000 1000 1000 1000 1000 1000 1000 1000 1000 1000 1000 1000 1000 1000 1000 1000 1000 1000 1000 1000 1000 1000 1000 1000 1000 1000 1000 1000 1000 1000 1000 1000 1000 1000 1000 1000 1000 1000 1000 2 2 2 2 2 2 2 2 2 1000 1000 1000 1000 1000 2 0 0 2 2 2 2 2 2 1000 1000 1000 1000 1000 2 2 2 2 2 2 2 2 2 
1000 1000 1000 1000 1000 1000 1000 1000 1000 1000 1000 1000 1000 1000 1000 1000 1000 1000 1000 1000 1000 1000 1000 1000 1000 1000 1000 1000 1000 1000 1000 1000 1000 1000 1000 1000 1000 1000 1000 1000 1000 1000 1000 1000 1000 1000 1000 1000 1000 1000 1000 1000 1000 1000 1000 1000 1000 1000 1000 1000 1000 1000 1000 1000 1000 1000 1000 1000 1000 1000 1000 1000 1000 1000 1000 2 2 2 2 2 2 2 2 2 1000 1000 1000 1000 1000 2 2 2 2 2 2 2 2 2 1000 1000 1000 1000 1000 2 2 2 2 2 2 2 2 2 1000 1000 1000 1000 1000 2 2 2 2 2 0 2 2 2 
1000 1000 1000 1000 1000 1000 1000 1000 1000 1000 1000 1000 1000 1000 1000 1000 1000 1000 1000 1000 1000 1000 1000 1000 1000 1000 1000 1000 1000 1000 1000 1000 1000 1000 1000 1000 1000 1000 1000 1000 1000 1000 1000 1000 1000 1000 1000 1000 1000 1000 1000 1000 1000 1000 1000 1000 1000 1000 1000 1000 1000 1000 1000 1000 1000 1000 1000 1000 1000 1000 1000 1000 1000 1000 2 2 2 2 2 2 2 2 2 2 1000 1000 1000 1000 2 2 2 2 2 2 2 2 2 2 1000 1000 1000 1000 2 2 2 2 2 2 2 2 2 2 1000 1000 1000 1000 2 2 2 2 2 0 2 2 2 2 
1000 1000 1000 1000 1000 1000 1000 1000 1000 1000 1000 1000 1000 1000 1000 1000 1000 1000 1000 1000 1000 1000 1000 1000 1000 1000 1000 1000 1000 1000 1000 1000 1000 1000 1000 1000 1000 1000 1000 1000 1000 1000 1000 1000 1000 1000 1000 1000 1000 1000 1000 1000 1000 1000 1000 1000 1000 1000 1000 1000 1000 1000 1000 1000 1000 1000 1000 1000 1000 1000 1000 1000 1000 1000 1000 1000 1000 1000 1000 1000 1000 1000 1000 1000 1000 1000 1000 2 2 2 2 2 2 2 2 2 2 2 1000 1000 1000 2 0 0 0 2 2 2 2 2 2 2 1000 1000 1000 2 2 2 2 2 2 2 2 2 2 2 
1000 1000 1000 1000 1000 1000 1000 1000 1000 1000 1000 1000 1000 1000 1000 1000 1000 1000 1000 1000 1000 1000 1000 1000 1000 1000 1000 1000 1000 1000 1000 1000 1000 1000 1000 1000 1000 1000 1000 1000 1000 1000 1000 1000 1000 1000 1000 1000 1000 1000 1000 1000 1000 1000 1000 1000 1000 1000 1000 1000 1000 1000 1000 1000 1000 1000 1000 1000 1000 1000 1000 1000 1000 2 2 2 2 2 2 2 2 2 2 2 1000 1000 1000 2 2 2 2 2 2 2 2 2 2 2 1000 1000 1000 2 2 2 2 2 2 2 2 2 2 2 1000 1000 1000 2 2 2 2 2 2 2 2 2 2 2 
1000 1000 1000 1000 1000 1000 1000 1000 1000 1000 1000 1000 1000 1000 1000 1000 1000 1000 1000 1000 1000 1000 1000 1000 1000 1000 1000 1000 1000 1000 1000 1000 1000 1000 1000 1000 1000 1000 1000 1000 1000 1000 1000 1000 1000 1000 1000 1000 1000 1000 1000 1000 1000 1000 1000 1000 1000 1000 1000 1000 1000 1000 1000 1000 1000 1000 1000 1000 1000 1000 1000 1000 1000 1000 1000 1000 1000 1000 1000 1000 1000 1000 1000 1000 1000 1000 2 2 2 2 2 2 2 2 2 2 2 2 1000 1000 2 0 2 2 2 2 2 2 2 2 2 2 1000 1000 2 2 2 2 2 2 2 2 2 2 2 2 
1000 1000 1000 1000 1000 1000 1000 1000 1000 1000 1000 1000 1000 1000 1000 1000 1000 1000 1000 1000 1000 1000 1000 1000 1000 1000 1000 1000 1000 1000 1000 1000 1000 1000 1000 1000 1000 1000 1000 1000 1000 1000 1000 1000 1000 1000 1000 1000 1000 1000 1000 1000 1000 1000 1000 1000 1000 1000 1000 1000 1000 1000 1000 1000 1000 1000 1000 1000 1000 1000 1000 1000 2 2 2 2 2 2 2 2 2 2 2 2 1000 1000 2 2 2 2 2 2 2 2 2 2 2 2 1000 1000 2 2 2 2 2 2 2 2 2 2 2 2 1000 1000 2 2 2 2 2 0 2 2 2 2 2 2 
1000 1000 1000 1000 1000 1000 1000 1000 1000 1000 1000 1000 1000 1000 1000 1000 1000 1000 1000 1000 1000 1000 1000 1000 1000 1000 1000 1000 1000 1000 1000 1000 1000 1000 1000 1000 1000 1000 1000 1000 1000 1000 1000 1000 1000 1000 1000 1000 1000 1000 1000 1000 1000 1000 1000 1000 1000 1000 1000 1000 1000 1000 1000 1000 1000 1000 1000 1000 1000 1000 1000 2 2 2 2 2 2 2 2 2 2 2 2 1000 1000 2 2 2 2 2 2 2 2 2 2 2 2 1000 1000 2 2 2 2 2 2 2 2 2 2 2 2 1000 1000 2 2 2 2 2 2 2 2 2 2 2 2 1000 
1000 1000 1000 1000 1000 1000 1000 1000 1000 1000 1000 1000 1000 1000 1000 1000 1000 1000 1000 1000 1000 1000 1000 1000 1000 1000 1000 1000 1000 1000 1000 1000 1000 1000 1000 1000 1000 1000 1000 1000 1000 1000 1000 1000 1000 1000 1000 1000 1000 1000 1000 1000 1000 1000 1000 1000 1000 1000 1000 1000 1000 1000 1000 1000 1000 1000 1000 1000 1000 1000 2 2 2 2 2 2 2 2 2 2 2 2 1000 1000 2 2 2 2 2 2 2 2 2 2 2 2 1000 1000 2 2 2 2 2 2 2 2 2 2 2 2 1000 1000 2 2 2 2 2 0 2 2 2 2 2 2 1000 1000 
1000 1000 1000 1000 1000 1000 1000 1000 1000 1000 1000 1000 1000 1000 1000 1000 1000 1000 1000 1000 1000 1000 1000 1000 1000 1000 1000 1000 1000 1000 1000 1000 1000 1000 1000 1000 1000 1000 1000 1000 1000 1000 1000 1000 1000 1000 1000 1000 1000 1000 1000 1000 1000 1000 1000 1000 2 2 2 2 2 2 2 2 2 2 2 1000 1000 1000 2 2 2 2 2 2 2 2 2 2 2 1000 1000 1000 2 2 2 2 2 2 2 2 2 2 2 1000 1000 1000 2 2 2 2 0 2 2 2 2 2 2 1000 1000 1000 2 2 0 0 0 2 2 2 2 2 2 1000 1000 1000 
1000 1000 1000 1000 1000 1000 1000 1000 1000 1000 1000 1000 1000 1000 1000 1000 1000 1000 1000 1000 1000 1000 1000 1000 1000 1000 1000 1000 2 2 2 2 2 2 2 2 2 2 2 1000 1000 1000 2 2 2 2 2 2 2 2 2 2 2 1000 1000 1000 2 2 2 2 2 2 2 2 2 2 2 1000 1000 1000 2 2 2 2 2 2 2 2 2 2 2 1000 1000 1000 2 0 2 2 2 2 2 2 2 2 2 1000 1000 1000 2 2 2 2 2 2 2 2 2 2 2 1000 1000 1000 2 2 2 2 2 2 2 2 2 2 2 1000 1000 1000 
1000 1000 1000 1000 1000 1000 1000 1000 1000 1000 1000 1000 1000 1000 1000 1000 1000 1000 1000 1000 1000 1000 1000 1000 1000 1000 1000 1000 1000 1000 1000 1000 1000 1000 1000 1000 1000 1000 1000 1000 1000 1000 1000 1000 1000 1000 1000 1000 1000 1000 1000 1000 1000 1000 1000 1000 1000 1000 1000 1000 1000 1000 1000 1000 1000 1000 1000 1000 1000 1000 2 2 2 2 2 2 2 2 2 2 1000 1000 1000 1000 2 2 2 2 2 2 2 2 2 2 1000 1000 1000 1000 2 2 2 2 2 2 2 2 2 2 1000 1000 1000 1000 2 2 2 0 2 2 2 2 2 2 1000 1000 1000 1000 
1000 1000 1000 1000 1000 1000 1000 1000 1000 1000 1000 1000 1000 1000 1000 1000 1000 1000 1000 1000 1000 1000 1000 1000 1000 1000 1000 1000 1000 1000 1000 1000 1000 1000 1000 1000 1000 1000 1000 1000 1000 1000 1000 1000 1000 1000 1000 1000 1000 1000 1000 1000 1000 1000 1000 1000 2 2 2 2 2 2 2 2 2 2 1000 1000 1000 1000 2 2 2 2 2 2 2 2 2 2 1000 1000 1000 1000 2 2 2 2 2 2 2 2 2 2 1000 1000 1000 1000 2 2 2 0 2 2 2 2 2 2 1000 1000 1000 1000 2 0 0 0 2 2 2 2 2 2 1000 1000 1000 1000 
1000 1000 1000 1000 1000 1000 1000 1000 1000 1000 1000 1000 1000 1000 1000 1000 1000 1000 1000 1000 1000 1000 1000 1000 1000 1000 1000 1000 2 2 2 2 2 2 2 2 2 2 1000 1000 1000 1000 2 2 2 2 2 2 2 2 2 2 1000 1000 1000 1000 2 2 2 2 2 2 2 2 2 2 1000 1000 1000 1000 2 2 2 2 2 2 2 2 2 2 1000 1000 1000 1000 0 0 2 2 2 2 2 2 2 2 1000 1000 1000 1000 2 2 2 2 2 2 2 2 2 2 1000 1000 1000 1000 2 2 2 2 2 2 2 2 2 2 1000 1000 1000 1000 
1000 1000 1000 1000 1000 1000 1000 1000 1000 1000 1000 1000 1000 1000 1000 1000 1000 1000 1000 1000 1000 1000 1000 1000 1000 1000 1000 1000 1000 1000 1000 1000 1000 1000 1000 1000 1000 1000 1000 1000 1000 1000 1000 1000 1000 1000 1000 1000 1000 1000 1000 1000 1000 1000 1000 1000 2 2 2 2 2 2 2 2 2 1000 1000 1000 1000 1000 2 2 2 2 2 2 2 2 2 1000 1000 1000 1000 1000 2 2 2 2 2 2 2 2 2 1000 1000 1000 1000 1000 2 2 0 2 2 2 2 2 2 1000 1000 1000 1000 1000 0 0 0 2 2 2 2 2 2 1000 1000 1000 1000 1000 
1000 1000 1000 1000 1000 1000 1000 1000 1000 1000 1000 1000 1000 1000 1000 1000 1000 1000 1000 1000 1000 1000 1000 1000 1000 1000 1000 1000 2 2 2 2 2 2 2 2 2 1000 1000 1000 1000 1000 2 2 2 2 2 2 2 2 2 1000 1000 1000 1000 1000 2 2 2 2 2 2 2 2 2 1000 1000 1000 1000 1000 2 2 2 2 2 2 2 2 2 1000 1000 1000 1000 1000 0 0 2 2 2 2 2 2 2 1000 1000 1000 1000 1000 2 2 2 2 2 2 2 2 2 1000 1000 1000 1000 1000 2 2 2 2 2 2 2 2 2 1000 1000 1000 1000 1000 
2 2 2 2 2 2 2 2 2 1000 1000 1000 1000 1000 0 2 2 2 2 2 2 2 2 1000 1000 1000 1000 1000 2 2 2 2 2 2 2 2 2 1000 1000 1000 1000 1000 2 2 2 2 2 2 2 2 2 1000 1000 1000 1000 1000 2 2 2 2 2 2 2 2 2 1000 1000 1000 1000 1000 2 2 2 2 2 2 2 2 2 1000 1000 1000 1000 1000 2 2 2 2 2 2 2 2 2 1000 1000 1000 1000 1000 1000 1000 1000 1000 1000 1000 1000 1000 1000 1000 1000 1000 1000 1000 1000 1000 1000 1000 1000 1000 1000 1000 1000 1000 1000 1000 1000 1000 
1000 1000 1000 1000 1000 1000 1000 1000 1000 1000 1000 1000 1000 1000 1000 1000 1000 1000 1000 1000 1000 1000 1000 1000 1000 1000 1000 1000 1000 1000 1000 1000 1000 1000 1000 1000 1000 1000 1000 1000 1000 1000 1000 1000 1000 1000 1000 1000 1000 1000 1000 1000 1000 1000 1000 1000 1000 1000 1000 1000 1000 1000 1000 1000 1000 1000 1000 1000 1000 1000 1000 1000 1000 1000 1000 1000 1000 1000 1000 1000 1000 1000 1000 1000 1000 1000 1000 1000 1000 1000 1000 1000 1000 1000 1000 1000 1000 1000 1000 1000 1000 1000 1000 1000 1000 1000 1000 1000 2 2 2 2 1000 1000 1000 1000 1000 1000 1000 1000 1000 1000 2 0 2 2 
1000 1000 1000 1000 1000 1000 1000 1000 1000 1000 1000 1000 1000 1000 1000 1000 1000 1000 1000 1000 1000 1000 1000 1000 1000 1000 1000 1000 1000 1000 1000 1000 1000 1000 1000 1000 1000 1000 1000 1000 1000 1000 1000 1000 1000 1000 1000 1000 1000 1000 1000 1000 1000 1000 1000 1000 1000 1000 1000 1000 1000 1000 1000 1000 1000 1000 1000 1000 1000 1000 1000 1000 1000 1000 1000 1000 1000 1000 1000 2 2 2 2 2 1000 1000 1000 1000 1000 1000 1000 1000 1000 2 2 2 2 2 1000 1000 1000 1000 1000 1000 1000 1000 1000 2 2 2 2 2 1000 1000 1000 1000 1000 1000 1000 1000 1000 2 2 2 2 2 
1000 1000 1000 1000 1000 1000 1000 1000 1000 1000 1000 1000 1000 1000 1000 1000 1000 1000 1000 1000 1000 1000 1000 1000 1000 1000 1000 1000 1000 1000 1000 1000 1000 1000 1000 1000 1000 1000 1000 1000 1000 1000 1000 1000 1000 1000 1000 1000 1000 1000 1000 1000 1000 1000 1000 1000 1000 1000 1000 1000 1000 1000 1000 1000 1000 1000 1000 1000 1000 1000 1000 1000 1000 1000 1000 1000 1000 1000 1000 1000 1000 1000 1000 1000 2 2 2 2 2 2 2 2 2 2 1000 1000 1000 1000 2 2 2 2 2 2 2 2 2 2 1000 1000 1000 1000 2 2 2 2 2 2 2 2 2 2 1000 1000 1000 1000 
1000 1000 1000 1000 1000 1000 1000 1000 1000 1000 1000 1000 1000 1000 2 2 2 2 2 2 2 2 2 2 1000 1000 1000 1000 2 2 2 2 2 2 2 2 2 2 1000 1000 1000 1000 0 0 2 2 2 2 2 2 2 2 1000 1000 1000 1000 0 0 2 2 2 2 2 2 2 2 1000 1000 1000 1000 0 0 2 2 2 2 2 2 2 2 1000 1000 1000 1000 2 2 2 2 2 2 2 2 2 2 1000 1000 1000 1000 2 2 2 2 2 2 2 2 2 2 1000 1000 1000 1000 2 2 2 2 2 2 2 2 2 2 1000 1000 1000 1000 
2 2 2 2 2 2 2 2 2 2 1000 1000 1000 1000 2 2 2 2 2 2 2 2 2 2 1000 1000 1000 1000 2 0 2 2 2 2 2 2 2 2 1000 1000 1000 1000 0 2 2 2 2 2 2 2 2 2 1000 1000 1000 1000 2 2 2 2 2 2 2 2 2 2 1000 1000 1000 1000 2 2 2 2 2 2 2 2 2 2 1000 1000 1000 1000 2 2 2 2 2 2 2 2 2 2 1000 1000 1000 1000 2 2 2 2 2 2 2 2 2 2 1000 1000 1000 1000 1000 1000 1000 1000 1000 1000 1000 1000 1000 1000 1000 1000 1000 1000 
2 2 2 2 2 2 2 2 2 2 1000 1000 1000 1000 2 0 2 2 2 2 2 2 2 2 1000 1000 1000 1000 0 2 2 2 2 2 2 2 2 2 1000 1000 1000 1000 2 2 2 2 2 2 2 2 2 2 1000 1000 1000 1000 2 2 2 2 2 2 2 2 2 2 1000 1000 1000 1000 2 2 2 2 2 2 2 2 2 2 1000 1000 1000 1000 2 2 2 2 2 2 2 2 2 2 1000 1000 1000 1000 1000 1000 1000 1000 1000 1000 1000 1000 1000 1000 1000 1000 1000 1000 1000 1000 1000 1000 1000 1000 1000 1000 1000 1000 1000 1000 1000 1000 
1000 1000 1000 1000 1000 1000 1000 1000 1000 1000 1000 1000 1000 1000 1000 1000 1000 1000 1000 1000 1000 1000 1000 1000 1000 1000 1000 1000 1000 1000 1000 1000 1000 1000 1000 1000 1000 1000 1000 1000 1000 1000 1000 1000 1000 1000 1000 1000 1000 1000 1000 1000 1000 1000 1000 1000 1000 1000 1000 1000 1000 1000 1000 1000 1000 1000 1000 1000 2 2 1000 1000 1000 1000 1000 1000 1000 1000 1000 1000 1000 1000 2 2 1000 1000 1000 1000 1000 1000 1000 1000 1000 1000 1000 1000 2 2 1000 1000 1000 1000 1000 1000 1000 1000 1000 1000 1000 1000 2 2 1000 1000 1000 1000 1000 1000 1000 1000 1000 1000 1000 1000 2 0 
1000 1000 1000 1000 1000 1000 1000 1000 1000 1000 1000 1000 1000 1000 1000 1000 1000 1000 1000 1000 1000 1000 1000 1000 1000 1000 1000 1000 1000 1000 1000 1000 1000 1000 1000 1000 1000 1000 1000 1000 2 2 1000 1000 1000 1000 1000 1000 1000 1000 1000 1000 1000 1000 2 2 1000 1000 1000 1000 1000 1000 1000 1000 1000 1000 1000 1000 2 2 1000 1000 1000 1000 1000 1000 1000 1000 1000 1000 1000 1000 2 2 1000 1000 1000 1000 1000 1000 1000 1000 1000 1000 1000 1000 2 2 1000 1000 1000 1000 1000 1000 1000 1000 1000 1000 1000 1000 2 2 1000 1000 1000 1000 1000 1000 1000 1000 1000 1000 1000 1000 2 2 
1000 1000 1000 1000 1000 1000 1000 1000 1000 1000 1000 1000 1000 1000 1000 1000 1000 1000 1000 1000 1000 1000 1000 1000 1000 1000 1000 1000 1000 1000 1000 1000 1000 1000 1000 1000 1000 1000 1000 1000 1000 1000 1000 1000 1000 1000 1000 1000 1000 1000 1000 1000 1000 1000 1000 1000 1000 1000 1000 1000 1000 1000 1000 1000 1000 1000 1000 1000 1000 1000 1000 1000 1000 1000 1000 1000 1000 1000 1000 1000 1000 2 2 2 1000 1000 1000 1000 1000 1000 1000 1000 1000 1000 1000 2 2 2 1000 1000 1000 1000 1000 1000 1000 1000 1000 1000 1000 2 2 2 1000 1000 1000 1000 1000 1000 1000 1000 1000 1000 1000 2 2 2 
1000 1000 1000 1000 1000 1000 1000 1000 1000 1000 1000 1000 1000 1000 1000 1000 1000 1000 1000 1000 1000 1000 1000 1000 1000 1000 1000 1000 1000 1000 1000 1000 1000 1000 1000 1000 1000 1000 1000 1000 1000 1000 1000 1000 1000 1000 1000 1000 1000 1000 1000 1000 1000 1000 1000 1000 1000 1000 1000 1000 1000 1000 1000 1000 1000 1000 1000 2 2 2 1000 1000 1000 1000 1000 1000 1000 1000 1000 1000 1000 2 2 2 1000 1000 1000 1000 1000 1000 1000 1000 1000 1000 1000 2 2 2 1000 1000 1000 1000 1000 1000 1000 1000 1000 1000 1000 2 2 2 1000 1000 1000 1000 1000 1000 1000 1000 1000 1000 1000 2 2 2 
1000 1000 1000 1000 1000 1000 1000 1000 1000 1000 1000 1000 1000 1000 1000 1000 1000 1000 1000 1000 1000 1000 1000 1000 1000 1000 1000 1000 1000 1000 1000 1000 1000 1000 1000 1000 1000 1000 1000 2 2 2 1000 1000 1000 1000 1000 1000 1000 1000 1000 1000 1000 2 2 2 1000 1000 1000 1000 1000 1000 1000 1000 1000 1000 1000 2 2 2 1000 1000 1000 1000 1000 1000 1000 1000 1000 1000 1000 2 2 2 1000 1000 1000 1000 1000 1000 1000 1000 1000 1000 1000 2 2 2 1000 1000 1000 1000 1000 1000 1000 1000 1000 1000 1000 2 2 2 1000 1000 1000 1000 1000 1000 1000 1000 1000 1000 1000 2 2 2 
1000 1000 1000 1000 1000 1000 1000 1000 1000 1000 1000 1000 1000 1000 1000 1000 1000 1000 1000 1000 1000 1000 1000 1000 1000 1000 1000 1000 1000 1000 1000 1000 1000 1000 1000 1000 1000 1000 2 2 2 2 1000 1000 1000 1000 1000 1000 1000 1000 1000 1000 2 2 2 2 1000 1000 1000 1000 1000 1000 1000 1000 1000 1000 2 2 2 2 1000 1000 1000 1000 1000 1000 1000 1000 1000 1000 2 2 2 2 1000 1000 1000 1000 1000 1000 1000 1000 1000 1000 2 2 2 2 1000 1000 1000 1000 1000 1000 1000 1000 1000 1000 2 2 2 2 1000 1000 1000 1000 1000 1000 1000 1000 1000 1000 2 2 2 2 
1000 1000 1000 1000 1000 1000 1000 1000 1000 1000 1000 1000 1000 1000 1000 1000 1000 1000 1000 1000 1000 1000 1000 1000 1000 1000 1000 1000 1000 1000 1000 1000 1000 1000 1000 1000 1000 1000 1000 1000 1000 1000 1000 1000 1000 1000 1000 1000 1000 1000 1000 1000 1000 1000 1000 1000 1000 1000 1000 1000 1000 1000 1000 1000 1000 2 2 2 2 2 1000 1000 1000 1000 1000 1000 1000 1000 1000 2 2 2 2 2 1000 1000 1000 1000 1000 1000 1000 1000 1000 2 2 2 2 2 1000 1000 1000 1000 1000 1000 1000 1000 1000 2 2 2 2 2 1000 1000 1000 1000 1000 1000 1000 1000 1000 2 2 2 0 0 
1000 1000 1000 1000 1000 1000 1000 1000 1000 1000 1000 1000 1000 1000 1000 1000 1000 1000 1000 1000 1000 1000 1000 1000 1000 1000 1000 1000 1000 1000 1000 1000 1000 1000 1000 1000 1000 2 2 2 2 2 1000 1000 1000 1000 1000 1000 1000 1000 1000 2 2 2 2 2 1000 1000 1000 1000 1000 1000 1000 1000 1000 2 2 2 2 2 1000 1000 1000 1000 1000 1000 1000 1000 1000 2 2 2 2 2 1000 1000 1000 1000 1000 1000 1000 1000 1000 2 2 2 2 0 1000 1000 1000 1000 1000 1000 1000 1000 1000 2 2 2 2 2 1000 1000 1000 1000 1000 1000 1000 1000 1000 2 2 2 2 2 
1000 1000 1000 1000 1000 1000 1000 1000 1000 1000 1000 1000 1000 1000 1000 1000 1000 1000 1000 1000 1000 1000 1000 2 2 2 2 2 1000 1000 1000 1000 1000 1000 1000 1000 1000 2 2 2 2 2 1000 1000 1000 1000 1000 1000 1000 1000 1000 2 2 2 2 2 1000 1000 1000 1000 1000 1000 1000 1000 1000 2 2 2 2 0 1000 1000 1000 1000 1000 1000 1000 1000 1000 2 2 2 2 0 1000 1000 1000 1000 1000 1000 1000 1000 1000 2 2 2 2 2 1000 1000 1000 1000 1000 1000 1000 1000 1000 2 2 2 2 2 1000 1000 1000 1000 1000 1000 1000 1000 1000 2 2 2 2 2 
1000 1000 1000 1000 1000 1000 1000 1000 1000 2 2 2 2 2 1000 1000 1000 1000 1000 1000 1000 1000 1000 2 2 2 2 2 1000 1000 1000 1000 1000 1000 1000 1000 1000 2 2 2 2 2 1000 1000 1000 1000 1000 1000 1000 1000 1000 2 2 2 2 2 1000 1000 1000 1000 1000 1000 1000 1000 1000 2 2 2 2 2 1000 1000 1000 1000 1000 1000 1000 1000 1000 2 2 2 2 2 1000 1000 1000 1000 1000 1000 1000 1000 1000 2 2 2 2 2 1000 1000 1000 1000 1000 1000 1000 1000 1000 2 2 2 2 2 1000 1000 1000 1000 1000 1000 1000 1000 1000 1000 1000 1000 1000 1000 
1000 1000 1000 1000 1000 1000 1000 1000 1000 2 2 2 2 2 1000 1000 1000 1000 1000 1000 1000 1000 1000 2 2 2 2 2 1000 1000 1000 1000 1000 1000 1000 1000 1000 2 2 2 2 2 1000 1000 1000 1000 1000 1000 1000 1000 1000 2 2 2 2 2 1000 1000 1000 1000 1000 1000 1000 1000 1000 2 2 2 2 2 1000 1000 1000 1000 1000 1000 1000 1000 1000 2 2 2 2 2 1000 1000 1000 1000 1000 1000 1000 1000 1000 2 2 2 2 2 1000 1000 1000 1000 1000 1000 1000 1000 1000 1000 1000 1000 1000 1000 1000 1000 1000 1000 1000 1000 1000 1000 1000 1000 1000 1000 1000 1000 
1000 1000 1000 1000 1000 1000 1000 1000 1000 1000 1000 1000 1000 1000 1000 1000 1000 1000 1000 1000 1000 1000 1000 1000 1000 1000 1000 1000 1000 1000 1000 1000 1000 1000 1000 1000 1000 1000 1000 1000 1000 1000 1000 1000 1000 1000 1000 1000 1000 1000 1000 1000 1000 1000 1000 1000 1000 1000 1000 1000 1000 1000 1000 1000 1000 1000 1000 1000 1000 1000 1000 1000 1000 1000 1000 1000 1000 1000 1000 1000 1000 1000 1000 1000 1000 1000 1000 1000 1000 1000 1000 1000 1000 1000 1000 1000 1000 1000 1000 1000 1000 1000 1000 1000 1000 1000 2 2 2 2 2 2 1000 1000 1000 1000 1000 1000 1000 1000 2 0 2 2 2 2 
1000 1000 1000 1000 1000 1000 1000 1000 1000 1000 1000 1000 1000 1000 1000 1000 1000 1000 1000 1000 1000 1000 1000 1000 1000 1000 1000 1000 1000 1000 1000 1000 1000 1000 1000 1000 1000 1000 1000 1000 1000 1000 1000 1000 1000 1000 1000 1000 1000 1000 1000 1000 1000 1000 1000 1000 1000 1000 1000 1000 1000 1000 1000 1000 1000 1000 1000 1000 1000 1000 1000 1000 1000 1000 1000 1000 1000 1000 1000 1000 1000 1000 1000 1000 1000 1000 1000 1000 1000 1000 1000 1000 1000 1000 1000 1000 1000 1000 1000 1000 1000 1000 1000 1000 2 2 2 2 2 2 2 2 1000 1000 1000 1000 1000 1000 2 0 0 2 2 2 2 2 
